3.8 14.2 3 1.9 6469853 1616248 119.2 114.2 125.7 119.3
0.8 8.6 2.9 4.6 39984 9322 119.2 111.7 126.8 115.5
5.4 15.9 2.9 3.3 9083 7364 117.3 111.5 127.8 128.7
1.4 9.9 1 0.9 22718 1306 120.5 107.8 129.7 120.3
4.6 7.3 2.3 1.6 29267 13907 117.1 111 125.4 119.3
3.8 9 1.8 1.3 368 368 119.9 110.7 120.6 121.7
1.6 8.2 0.8 0.9 103004 31472 119.6 116 126.6 126
3.1 10.6 2.2 2.9 927 927 119.8 112.3 129.9 112.6
5.7 7.1 3.2 1.3 24207 4235 122.9 121.6 124.8 123.6
3.5 6.5 1.7 1.8 81342 2935 117.1 100.2 127.3 117.3
6.5 9.3 4.5 0.5 372728 312663 121.8 116.8 128 122
4.9 9.4 4.3 3.6 18536 17972 116.7 112.1 123.3 120.6
0.9 2.6 0.5 0.2 1608 1608 119.2 125.8 121.3 118.2
2.7 7.1 1 0.4 9885 7 116.6 123.9 128.5 127.8
1.1 9.3 3.7 3.3 20066 16612 115.5 114.1 117.9 121.2
0.6 6.6 1.9 0.7 24306 19398 119 120.1 125.6 124
1.7 5.9 4.7 2.3 43748 17568 117.2 107.3 120.3 108.3
1.4 5.1 12.3 0.3 14094 3927 120.8 100.8 127.3 120.7
1.1 3.8 1.9 0.7 1789071 456708 118.3 109.3 124.7 115.4
0.9 2.4 9.1 0.7 41696 34311 118.3 108 120.7 111.1
0.7 1.7 2.2 0.5 76785 34142 120.5 102.4 127.9 134.2
0.5 2.4 1 0.3 50499 1420 119.6 96.7 125.9 121.3
1.6 4.1 2.8 0.8 29559 308 115.4 104.3 128.9 114
1.8 3.5 1.6 0.7 24563 3248 121 104.4 125.9 114.5
0.3 2.2 0.5 0.4 326952 238193 119.6 110.7 122.2 121.7
0.6 0.6 2.9 0.8 12354 2311 122.6 102.8 128.7 106.4
1 2.4 2 0.2 50114 23839 116.8 116.9 126.5 117
4.7 10.1 4.1 2.2 5170 4855 118.4 118.4 122.6 125.5
1.9 2.7 5 1.3 985566 759101 120.2 114.8 121 115.8
4.8 5.1 6.1 3.3 2699 1711 121.5 111.2 115 118.2
7.6 0.9 4.1 3.3 3 3 119.2 116.8 107.3 126.9
1.2 1.3 8.7 0.3 793405 686311 122.3 116.6 123.1 116.5
3.5 4.7 6.6 1 20877 17577 119.8 123.2 122.6 124.2
1 2.9 1.4 0.2 1817 1354 121.6 104.2 121.7 121.8
2.4 3.2 0.7 0.7 82761 31853 120.5 106.7 120.4 122
1.6 3.3 2.7 3 84004 20292 122.3 121.8 116.6 110.7
2 7 3 1.9 1219980 335861 118.2 108.2 125.3 120.2
1.9 10.2 3.9 2.6 29643 19360 117.4 96.8 119 116.7
1.8 7.1 4.3 6 13671 4964 119.7 107.5 131.5 131.1
1.4 8.5 4.3 2.1 651021 8458 117.4 94.7 126.4 117.5
6 3.5 1.2 2.7 6755 1162 120.4 105.8 122.7 126.4
3 14.3 3.3 3.7 34720 18169 119.1 112 128.3 113.6
3.4 11.2 6.1 2.1 3759 1847 117.3 110.4 126.8 121.7
2.7 7.3 2.7 1.3 20932 19828 119.7 113 125.7 116.7
1.7 5.7 1.4 1.3 88783 82517 115.8 106.4 119.4 118.2
1.3 8.2 1.3 1.9 1718 10 118.5 115.2 128 119.1
1.4 2.9 1.6 0.7 97561 60916 122.5 108.5 131.4 116.9
1.5 4.8 2.9 1.6 260364 117611 116.7 121.3 131.1 125.2
2.4 4.5 3 2.4 8886 976 119 115.8 123.9 119.9
1.1 10.8 1 0.6 2167 43 128.1 118.2 132.1 127.6
0.6 4.6 2.5 1.6 1800139 228723 120.5 110 127.8 114.2
1.3 7 6.7 3.1 889 577 127.8 116.3 125.6 134.2
1.6 7.3 3.1 1.2 747799 101606 120.1 103.7 132.9 110.9
0.4 4.4 1.9 1.6 284375 110284 119.9 114.9 128.7 126.6
1.4 3.6 6.9 1.7 767076 16256 124.8 105.8 121.4 111.9
2.4 5.7 2.1 1.8 1226344 124931 118 108.2 127.5 120.1
0.04 5.5 4.9 0.5 78 78 117.8 109.9 116.9 112.8